35,22
0,571
0,396
35,21
33,210
33,209
33,208
33,207
33,206
33,205
33,204
33,203
35,20
0,570
35,19
0,569
0,568
35,18
0,567
0,566
0,565
0,564
0,563
0,562
33,202
33,201
0,561
0,560
0,559
42,36
0,558
42,35
11,10
11,16
11,8
11,2
11,3
9,5
9,7
9,2
9,3
8,7
8,14
8,15
8,8
8,5
8,2
8,3
0,318
12,2
12,1
12,3
20,2
20,1
20,3
37,4
37,3
37,2
37,1
37,0
35,17
35,16
35,15
35,14
35,13
35,12
35,11
35,10
19,2
35,9
19,1
19,3
35,8
35,5
35,3
35,1
34,8
34,7
34,6
34,4
34,3
34,1
33,199
33,198
33,197
33,196
33,195
33,194
33,193
33,192
33,191
33,190
33,189
33,188
33,187
33,186
33,185
33,184
33,183
33,182
33,181
33,180
33,179
33,178
33,177
33,176
33,175
33,174
33,173
33,172
33,171
33,170
33,169
33,168
33,167
33,166
33,165
33,164
33,163
33,162
33,161
33,160
33,159
33,158
33,157
33,156
33,155
33,154
33,153
33,152
33,151
33,150
33,149
33,148
33,147
33,146
33,145
33,144
33,143
33,142
33,141
33,140
33,139
33,138
33,137
33,136
33,135
33,134
33,133
33,132
33,131
33,130
33,129
33,128
33,127
33,10
